Решение через С.Е.Д
   15.7729 -117.2786  233.2622 -135.5478
 -117.2786 1167.6622-2620.2877 1627.4718
  233.2622-2620.2877 6283.9601-4071.0032
 -135.5478 1627.4718-4071.0032 2715.1977

Решение с выбором максимума по подматрице
   15.7729 -117.2786  233.2622 -135.5478
 -117.2786 1167.6622-2620.2877 1627.4718
  233.2622-2620.2877 6283.9601-4071.0032
 -135.5478 1627.4718-4071.0032 2715.1977

Решение с выбором максимума по столбцу
   15.7729 -117.2786  233.2622 -135.5478
 -117.2786 1167.6622-2620.2877 1627.4718
  233.2622-2620.2877 6283.9601-4071.0032
 -135.5478 1627.4718-4071.0032 2715.1977

Определитель A: 0.000000
Матрица A^-1
   15.7729 -117.2786  233.2622 -135.5478
 -117.2786 1167.6622-2620.2877 1627.4718
  233.2622-2620.2877 6283.9601-4071.0032
 -135.5478 1627.4718-4071.0032 2715.1977
Определитель A^-1: 5869757.709533
