Решение через С.Е.Д
        16      -120       240      -140
      -120      1200     -2700      1680
       240     -2700      6480     -4200
      -140      1680     -4200      2800

Решение с выбором максимума по столбцу
        16      -120       240      -140
      -120      1200     -2700      1680
       240     -2700      6480     -4200
      -140      1680     -4200      2800

Решение с выбором максимума по подматрице
        16      -120       240      -140
       240     -2700      6480     -4200
      -120      1200     -2700      1680
      -140      1680     -4200      2800

Определитель A: 1/6048000
Матрица A^-1
        16      -120       240      -140
      -120      1200     -2700      1680
       240     -2700      6480     -4200
      -140      1680     -4200      2800
Определитель A^-1: -6048000
